0.00 3.16 13.60 8.49 1.00 13.00 5.83 13.04 13.00 2.00 12.53 12.37 13.34 13.15 5.10
3.16 0.00 13.89 5.83 2.24 12.37 2.83 12.17 13.60 5.10 13.45 11.00 13.42 13.00 8.00
13.60 13.89 0.00 12.21 13.93 4.00 13.45 5.00 1.41 13.15 2.83 7.07 1.00 2.00 12.04
8.49 5.83 12.21 0.00 7.81 9.22 3.16 8.60 12.53 10.00 13.00 6.71 11.40 10.63 12.08
1.00 2.24 13.93 7.81 0.00 13.04 5.00 13.00 13.42 3.00 13.04 12.17 13.60 13.34 6.08
13.00 12.37 4.00 9.22 13.04 0.00 11.18 1.00 5.10 13.15 6.32 3.16 3.00 2.00 13.00
5.83 2.83 13.45 3.16 5.00 11.18 0.00 10.77 13.45 7.62 13.60 9.22 12.81 12.21 10.20
13.04 12.17 5.00 8.60 13.00 1.00 10.77 0.00 6.08 13.34 7.28 2.24 4.00 3.00 13.42
13.00 13.60 1.41 12.53 13.42 5.10 13.45 6.08 0.00 12.37 1.41 8.00 2.24 3.16 11.00
2.00 5.10 13.15 10.00 3.00 13.15 7.62 13.34 12.37 0.00 11.70 13.00 13.04 13.00 3.16
12.53 13.45 2.83 13.00 13.04 6.32 13.60 7.28 1.41 11.70 0.00 9.06 3.61 4.47 10.05
12.37 11.00 7.07 6.71 12.17 3.16 9.22 2.24 8.00 13.00 9.06 0.00 6.08 5.10 13.60
13.34 13.42 1.00 11.40 13.60 3.00 12.81 4.00 2.24 13.04 3.61 6.08 0.00 1.00 12.17
13.15 13.00 2.00 10.63 13.34 2.00 12.21 3.00 3.16 13.00 4.47 5.10 1.00 0.00 12.37
5.10 8.00 12.04 12.08 6.08 13.00 10.20 13.42 11.00 3.16 10.05 13.60 12.17 12.37 0.00